11.50
12.12
12.85
13.56
14.25
14.94
15.64
16.34
16.99
17.70
18.39
19.06
19.79
20.44
21.11
21.79
22.47
23.17
23.85
24.55
25.24
25.94
26.59
27.29
27.99
28.65
29.34
30.00
30.69
31.40
32.09
33.10
33.59
34.10
35.84
36.33
36.88
38.58
39.11
39.66
41.30
41.80
42.34
44.41
45.10
45.82
46.49
47.16
47.86
48.59
49.23
49.88
50.60
51.27
51.94
52.62
53.30
54.00
54.68
55.33
56.04
56.77
57.46
58.15
58.88
59.56
60.23
60.88
61.59
62.27
62.98
63.65
64.37
71.53
72.01
72.5
74.1
74.68
75.23
76.78
77.39
77.91
79.73
80.34
80.83
82.31
82.88
83.37
85.17
85.66
86.15
87.92
88.43
88.91
90.66
91.16
91.67
92.02
92.55
93.03
93.40