09.50
10.07
10.70
11.24
11.84
12.35
12.94
13.47
14.03
14.61
15.18
15.71
16.31
16.88
17.40
17.95
18.53
19.10
19.71
20.23
20.86
21.38
21.93
22.52
23.05
23.64
24.18
24.76
25.35
25.90
27.28
29.55
31.84
34.06
36.64
37.20
37.79
38.38
38.95
39.49
40.05
40.61
41.18
41.75
42.30
42.84
43.45
44.01
44.59
45.19
47.64
49.99
52.19
55.01
55.46
55.69
56.15
57.25
57.72
57.94
58.41
58.98
61.27
63.49
65.8
68.15
70.38
72.68
74.79
77.05
79.29
80.55
81.93
82.52
83.1
83.66
84.2
84.77
85.35
85.92
86.53
87.07
87.67
88.23
88.75
89.33
89.88
90.45
91.02
91.6
92.18
92.74
93.33
93.89
94.45
95